707 smcpp.commands.command DEBUG ['/home/damase/miniconda3/envs/sei-3.8.5/bin/smc++', 'estimate', '--em-iterations', '100', '-o', './Data/SMC/decline/tau=0.0_kappa=-3.5-KNOTS=2/', '--knots', '2', '8e-06', './Data/SMC/decline/smc_tau=0.0_kappa=-3.5.gz']
707 smcpp.commands.command DEBUG Namespace(Nmax=1000.0, Nmin=0.001, algorithm='L-BFGS-B', base='model', command='estimate', cores=None, data=['./Data/SMC/decline/smc_tau=0.0_kappa=-3.5.gz'], em_iterations=100, ftol=0.0001, knots=2, lambda_=None, length_cutoff=None, mu=8e-06, multi=False, no_initialize=False, nonseg_cutoff=None, outdir='./Data/SMC/decline/tau=0.0_kappa=-3.5-KNOTS=2/', polarization_error=0.5, r=None, regularization_penalty=6, seed=0, spline='piecewise', thinning=None, timepoints=None, unfold=False, verbose=0, w=100, xtol=0.1)
707 smcpp.analysis.base INFO theta: 0.000100
707 smcpp.analysis.base INFO rho: 0.000100
707 smcpp.analysis.base DEBUG Polarization error p=0.500000
707 smcpp.data_filter DEBUG LoadData()
707 smcpp.data_filter INFO Loading data...
733 smcpp.data_filter INFO 0.17 Gb of data
733 smcpp.data_filter DEBUG Contig(pid=('Pop1',), data=array([[11761,     0,     0,    18],
       [    1,     0,     9,    18],
       [43229,     0,     0,    18],
       ...,
       [ 4695,     0,     0,    18],
       [    1,     0,     2,    18],
       [20967,     0,     0,    18]], dtype=int32), n=array([18]), a=array([2]), fn='./Data/SMC/decline/smc_tau=0.0_kappa=-3.5.gz')
733 smcpp.data_filter INFO 1 population
734 smcpp.data_filter DEBUG RecodeNonseg(cutoff=None)
734 smcpp.estimation_tools WARNING Long runs of homozygosity in contig ./Data/SMC/decline/smc_tau=0.0_kappa=-3.5.gz: 
[ 65579  64693  55596  71885  53537  96995  73872  82541  79850  58948  61435  63120  54574 122888  81958  95149  84445
  51800  54256  62155 107342 133300  95118  54544  74507  60400 107358  78016  82812  58097  55938  64233  59647  59890
  71620  64386  52184  98534 110585  67471  87762  54313 125076  68175  53083  68153  52554  63384  52205  55004  51264
  52554 112817  53706 101664  84616  60568  55888  88336 118959  51037  60100  50668  54472  50760  88714  58611  57669
  52096 155219  86254 104490  55081  72564 120843  76275  50969  51192  51997  50098  53723  87074 159229 111696  55026
  50371  57698  52645  69708  51149  69374  93513  70309  53285  73480 103755  77974  67482  50615  64956  55820  65603
 133030  57937  51840  59925 113915  80123  78374  54438  56317  88131  50277  88306  55237  72036  57204  78926  85297
  60286  89061  54144  99725  70039  64231 136693  51294  64426 119367  57782  82043  61830  61556 193898  96175  52058
  60153  59348  63147  52102  64890  70091  55731 100665  57211  80073  52293  64059  79354  80688  61662  95690 142954
  62076  57012  52466  72248  57147  54030  64881  55043  52424  80042  56278  68645  74632  68879  61678  56063  61565
  95023  50873  79494 109515  56573  56174  53940  89429  58560  55317  54958  85154  56907  83667  75987  77440  56500
 111588  68910  66416  74540  68306  66862  85828  51058  81926  59904  56953  50857 107478  55791  55315  74228  75932
  55773 136153  89319  63738  51226  56041  62370  50141  84844  74811  50433 123927  70056  66040  63324  58996  84187
 118432  50400  58108  51860  54909  77391  89413  56899  69599  82405  58968  51836  51829  90595 154818  67760  51814
  55733 100681  80086 102093  63935  64449  50651  70265  65829  54306  76040  56809  55708  55894  75923  67347  92802
  89799  99025 150387  82217  52331  51548  96324  78584 105328  66338 104043  85247  52023  51888  90921  52984  67903
  82783  67137 123995  75139  70384  50523  54110  56421  76515  54737  51292  53706  57175  89389 100502  51803  54159
  61505  78442  70582  67369  94337  93179  58539  60653  59144  58284 105488  50822  53422  79278 232292  50981  78876
  61208  50658  98680  60892  70734  87772  68214  60803  50086  65260  54920  55934  74877  62556  65005 101320  61086
  66886  88706  55538  68309  93431  54164  57045  64131  61294  54120  70325  84095 114871  50140  74159  65860  65904
  75276  74986  89881  68106  64770  52517  51757  82996  57132  77787  83933  63942  54440 102390  89808  94402  61526
  98810  58591  67576  72738  62182  82758  85353  55975 146555  60452  65967 121353  63750  61076  60166  57322  51274
  53426  51170  75069 100040  68848 126845  58136  50281  97493  51178  53879 142476 103722  83903  57382  77754  64253
  57732  84284  55391 104628  76400  57521  55604  54434 102966  64016  83663 117914  56204  95866  50500  53258  72544
  65543  50561  62240  63852  86719  72421  99005  85466 148919  58839  87010  60179  69977  50898  70440  77781  89645
  84371  58553  82546 138246  68482  86305  99804  54068  57325  50545  52080  64664  66347  52161  77878  71866  88813
  77430  63864  52140  60563  59954  75255  80455 193056  88796  80183  56079  66167  70546  53678  78412  98921  55734
  59139 188664  59335  68266  94488  60920  54074  52438  61712  73621 169342  88858  69940  50407  57690  54875  60220
  97901  57046  58801  66382  71288  86015  53052  58843  65741 166058  83810  57974  54924 102540  50270  60160  80808
  56145 115476  53165  52330  63860  55460  64148 110706  57861  55815  55210  60296  59692  66066  71880  51465  57184
  61716  70544  64534  56772  54689  61559  81578 103875  60524  74474  94181  71110  52900  61421 141777  68601  51743
  59088  53092 158378  55762 120932  65721  83249  95239  51720  51995  59664  58525  62050  50885  50216 129351  66177
  91519  52564  53937  80760  51603  54143  73728  81477  82226  50827  54439  58143 115986  61427  56519  50187  89136
  55088 100044  61638 100013  91695  56374  63648  75360  74260  88826  92836  75025  57264  70506 107821  99909  63378
 104480  79272  92823  57907 124064 102239  50469  64400 110699  54111  65394  80783 152300  58445  57684  90528  97135
  65646  54774  78220  54275  68589  94059  72317  50123  59524  53392  62247  87134  52022  65735 140180 108261 103963
  70598 184058  77778  50908 113842  63414  52836  53934 110063  54545  51511  72611  54140  68741  89944  78595  72065
  78212 106100  95688 130439  54731  60156  76586  64746  71834  50776  62350  58123  75602 109721 100864 125975 107242
  65485  84308  67231  50355  69783 130051  59850  50558  77362  55690  59802 109755  82455  63692  60769  53268  59539
 161338  60898  66396  54337  51825  57998 109523  61194  83403  97445  56324  50514  54892  51224  90350  91327  51318
 119072  65597 127403  65086  57512  53744  61865  76507  70616  54907  78032  72487  92575  54310  94292  54887  71204
  56318  63145  57635 101913  89004  58341  60311  56664  52481  69055 125585  50054  66846  67314  66734  82614 101698
  55185  57352  66644  62177  68339  88243 104604  73024  69661  72469  53836  84041 100128  93495  56150  54741  56015
 103782  52732  66234  64945 108711  62179  86843  56159  77656 104069  57408  58407  55607  75176  60797  58610  58649
  58172  75049  57086  80731 115134 151777  64699 128260  52023  81473 106667  51147  52451  54824  63237  93205  79767
  76188  58448  78916  84628  63278  82146  55008  61554  64060  80987  54013  63438 132665  63008  77679 111938  53163
  52232  54772  69462  50568  82711  68040  56976  77187] (base pairs)
736 smcpp.data_filter DEBUG Compress()
1679 smcpp.data_filter DEBUG BreakLongSpans(cutoff=100000)
1680 smcpp.data_filter DEBUG DropSmallContigs(cutoff=100000)
1680 smcpp.data_filter DEBUG Watterson()
1680 smcpp.data_filter DEBUG sites: 7715/597059231	watterson:0.000013
1680 smcpp.data_filter DEBUG CountMutations(w=125)
5624 smcpp.data_filter DEBUG mutation counts in 125bp windows: min=0 .05=0 .95=0 max=2
5626 py.warnings  WARNING /home/damase/miniconda3/envs/sei-3.8.5/lib/python3.8/site-packages/numpy/core/fromnumeric.py:3419: RuntimeWarning: Mean of empty slice.
  return _methods._mean(a, axis=axis, dtype=dtype,

