# SMC++ {"version": "1.15.4.dev18+gca077da", "pids": ["Pop1"], "undist": [[["msp_1", 0], ["msp_1", 1], ["msp_2", 0], ["msp_2", 1]]], "dist": [[["msp_0", 0], ["msp_0", 1]]]}
3860 0 0 4
1 1 0 4
17 0 0 4
1 0 1 4
217 0 0 4
1 1 0 4
375 0 0 4
1 -1 1 4
294 0 0 4
1 1 1 2
983 0 0 4
1 0 1 4
1588 0 0 4
1 0 1 4
334 0 0 4
1 1 0 4
4989 0 0 4
1 0 2 4
2848 0 0 4
1 2 3 4
46 0 0 4
1 2 2 3
526 0 0 4
1 0 1 4
369 0 0 4
1 2 2 3
86 0 0 4
1 -1 0 0
305 0 0 4
1 2 3 4
123 0 0 4
1 1 1 4
5854 0 0 4
1 2 2 4
63 0 0 4
1 1 0 4
1480 0 0 4
1 1 0 4
1912 0 0 4
1 0 2 4
2392 0 0 4
1 0 2 4
45 0 0 4
1 1 0 4
842 0 0 4
1 -1 0 4
1410 0 0 4
1 1 0 3
442 0 0 4
1 1 1 3
589 0 0 4
1 1 1 3
299 0 0 4
1 0 1 3
1625 0 0 4
1 0 2 4
4623 0 0 4
1 -1 0 0
783 0 0 4
1 0 1 4
98 0 0 4
1 0 1 4
1130 0 0 4
1 1 2 4
12 0 0 4
1 1 0 4
2855 0 0 4
1 0 1 4
478 0 0 4
1 0 1 4
57 0 0 4
1 1 2 4
1520 0 0 4
1 2 3 4
1529 0 0 4
1 0 1 4
1518 0 0 4
1 0 1 4
1128 0 0 4
1 2 3 4
800 0 0 4
1 1 0 4
1595 0 0 4
1 1 1 4
2089 0 0 4
1 0 1 4
1632 0 0 4
1 1 1 4
4995 0 0 4
1 1 1 4
3423 0 0 4
1 0 1 4
1172 0 0 4
1 1 2 4
2525 0 0 4
1 0 1 4
5435 0 0 4
1 0 1 4
2094 0 0 4
1 1 0 4
261 0 0 4
1 2 3 4
20 0 0 4
1 1 0 4
3899 0 0 4
1 1 3 4
1849 0 0 4
1 1 1 4
727 0 0 4
1 1 3 4
550 0 0 4
1 1 0 4
1080 0 0 4
1 1 3 4
160 0 0 4
1 1 1 4
146 0 0 4
1 1 1 4
81 0 0 4
1 1 0 4
240 0 0 4
1 1 3 4
95 0 0 4
1 1 3 4
474 0 0 4
1 1 3 4
118 0 0 4
1 1 3 4
784 0 0 4
1 1 1 4
466 0 0 4
1 1 3 4
428 0 0 4
1 1 0 4
240 0 0 4
1 1 0 4
1148 0 0 4
1 1 1 4
2 0 0 4
1 0 1 4
931 0 0 4
1 1 2 4
1671 0 0 4
1 1 2 4
328 0 0 4
1 1 2 4
2876 0 0 4
1 1 1 4
753 0 0 4
1 1 0 4
3209 0 0 4
1 1 0 4
585 0 0 4
1 0 2 4
1483 0 0 4
1 2 2 4
196 0 0 4
1 2 2 4
22 0 0 4
1 1 0 4
863 0 0 4
1 0 2 4
265 0 0 4
1 2 2 4
2270 0 0 4
1 1 2 4
12 0 0 4
1 1 2 4
2794 0 0 4
1 1 0 4
165 0 0 4
1 1 1 4
1829 0 0 4
1 0 1 4
1135 0 0 4
1 1 0 4
806 0 0 4
1 1 0 4
218 0 0 4
1 0 1 4
1628 0 0 4
1 1 0 4
365 0 0 4
1 1 1 4
142 0 0 4
1 1 1 4
537 0 0 4
1 1 0 4
1817 0 0 4
1 0 1 4
2931 0 0 4
1 1 1 4
6438 0 0 4
1 1 0 4
4182 0 0 4
1 0 2 4
213 0 0 4
1 0 2 4
628 0 0 4
1 0 1 4
694 0 0 4
1 0 1 4
1144 0 0 4
1 0 3 4
1304 0 0 4
1 0 1 4
1064 0 0 4
1 1 0 4
5420 0 0 4
1 0 1 4
1412 0 0 4
1 0 1 4
1688 0 0 4
1 0 1 4
2048 0 0 4
1 0 2 4
532 0 0 4
1 1 1 4
4582 0 0 4
1 0 1 4
3414 0 0 4
1 -1 0 0
1904 0 0 4
1 1 0 4
1675 0 0 4
1 1 2 4
3746 0 0 4
1 1 0 4
4037 0 0 4
1 0 1 4
2117 0 0 4
1 1 0 4
698 0 0 4
1 0 2 4
498 0 0 4
1 1 1 4
1376 0 0 4
1 0 2 4
2590 0 0 4
1 -1 2 4
2248 0 0 4
1 2 2 4
507 0 0 4
1 0 2 4
1212 0 0 4
1 1 0 4
2212 0 0 4
1 0 2 4
128 0 0 4
1 0 2 4
500 0 0 4
1 0 1 4
1479 0 0 4
1 0 2 4
1186 0 0 4
1 0 1 4
541 0 0 4
1 1 0 4
1817 0 0 4
1 0 1 4
1184 0 0 4
1 0 2 4
38 0 0 4
1 2 2 4
613 0 0 4
1 2 2 4
59 0 0 4
1 0 1 4
230 0 0 4
1 0 2 4
554 0 0 4
1 0 2 4
597 0 0 4
1 0 2 4
2859 0 0 4
1 0 1 4
74 0 0 4
1 0 1 4
140 0 0 4
1 0 1 4
1261 0 0 4
1 1 1 4
339 0 0 4
1 0 1 4
733 0 0 4
1 1 1 4
587 0 0 4
1 1 0 4
740 0 0 4
1 1 1 4
29 0 0 4
1 1 1 4
28 0 0 4
1 1 1 4
2178 0 0 4
1 0 1 4
535 0 0 4
1 1 1 4
239 0 0 4
1 2 3 4
78 0 0 4
1 2 3 4
978 0 0 4
1 0 1 4
1193 0 0 4
1 0 1 4
119 0 0 4
1 1 1 4
286 0 0 4
1 0 1 4
149 0 0 4
1 2 3 4
425 0 0 4
1 0 1 4
131 0 0 4
1 1 2 4
38 0 0 4
1 1 1 4
40 0 0 4
1 0 1 4
937 0 0 4
1 0 1 4
11 0 0 4
1 0 1 4
243 0 0 4
1 2 3 4
367 0 0 4
1 0 1 4
29 0 0 4
1 0 1 4
223 0 0 4
1 0 1 4
575 0 0 4
1 1 0 4
1452 0 0 4
1 1 2 4
364 0 0 4
1 1 2 4
587 0 0 4
1 1 2 4
431 0 0 4
1 1 1 4
56 0 0 4
1 1 3 4
13599 0 0 4
1 1 3 4
4252 0 0 4
1 1 0 4
5319 0 0 4
1 1 3 4
701 0 0 4
1 1 0 4
5163 0 0 4
1 1 3 4
2569 0 0 4
1 0 1 4
1956 0 0 4
1 1 2 4
372 0 0 4
1 1 2 4
558 0 0 4
1 0 1 4
303 0 0 4
1 1 1 4
374 0 0 4
1 1 2 4
1119 0 0 4
1 1 2 4
1068 0 0 4
1 0 1 4
4444 0 0 4
1 1 1 4
897 0 0 4
1 0 1 4
2394 0 0 4
1 1 2 4
393 0 0 4
1 1 1 4
1138 0 0 4
1 1 2 4
1916 0 0 4
1 1 2 4
1564 0 0 4
1 0 2 4
398 0 0 4
1 1 2 4
118 0 0 4
1 1 2 4
2314 0 0 4
1 0 2 4
123 0 0 4
1 1 0 4
762 0 0 4
1 0 2 4
21 0 0 4
1 2 2 4
1189 0 0 4
1 2 2 4
728 0 0 4
1 0 2 4
453 0 0 4
1 2 2 4
94 0 0 4
1 0 2 4
351 0 0 4
1 1 1 4
899 0 0 4
1 1 0 4
386 0 0 4
1 2 2 4
691 0 0 4
1 2 2 4
865 0 0 4
1 2 2 4
570 0 0 4
1 2 2 4
473 0 0 4
1 0 2 4
223 0 0 4
1 2 1 4
567 0 0 4
1 1 0 4
262 0 0 4
1 2 1 4
120 0 0 4
1 0 2 4
95 0 0 4
1 0 1 4
30 0 0 4
1 0 2 4
707 0 0 4
1 0 2 4
851 0 0 4
1 2 1 4
1171 0 0 4
1 1 1 4
462 0 0 4
1 1 1 4
141 0 0 4
1 1 1 4
1024 0 0 4
1 1 1 4
951 0 0 4
1 0 2 4
64 0 0 4
1 0 2 4
1160 0 0 4
1 1 1 4
103 0 0 4
1 1 1 4
964 0 0 4
1 0 1 4
1008 0 0 4
1 0 2 4
1556 0 0 4
1 1 0 4
453 0 0 4
1 1 3 4
198 0 0 4
1 1 1 4
682 0 0 4
1 1 1 4
890 0 0 4
1 1 3 4
746 0 0 4
1 1 1 4
3357 0 0 4
1 1 4 4
506 0 0 4
1 1 0 4
481 0 0 4
1 1 0 4
432 0 0 4
1 1 0 4
64 0 0 4
1 1 4 4
4425 0 0 4
1 1 0 4
1876 0 0 4
1 2 2 4
1245 0 0 4
1 1 1 4
978 0 0 4
1 0 2 4
933 0 0 4
1 0 2 4
398 0 0 4
1 0 1 4
1574 0 0 4
1 0 2 4
544 0 0 4
1 0 2 4
1575 0 0 4
1 1 0 4
1231 0 0 4
1 0 2 4
314 0 0 4
1 0 1 4
788 0 0 4
1 0 1 4
1428 0 0 4
1 0 2 4
956 0 0 4
1 0 2 4
51 0 0 4
1 1 2 4
650 0 0 4
1 0 2 4
402 0 0 4
1 1 1 4
2116 0 0 4
1 1 2 4
380 0 0 4
1 1 1 4
2348 0 0 4
1 1 1 4
100 0 0 4
1 1 3 4
2326 0 0 4
1 2 3 4
1191 0 0 4
1 0 1 4
1568 0 0 4
1 1 0 4
118 0 0 4
1 0 1 4
1939 0 0 4
1 1 2 4
298 0 0 4
1 1 2 4
24 0 0 4
1 1 2 4
747 0 0 4
1 0 1 4
539 0 0 4
1 0 1 4
832 0 0 4
1 2 1 4
160 0 0 4
1 1 0 4
212 0 0 4
1 0 3 4
1158 0 0 4
1 2 1 4
344 0 0 4
1 2 1 4
223 0 0 4
1 2 1 4
222 0 0 4
1 2 1 4
668 0 0 4
1 2 1 4
1986 0 0 4
1 1 0 4
1906 0 0 4
1 1 4 4
622 0 0 4
1 1 4 4
169 0 0 4
1 1 0 4
123 0 0 4
1 1 0 4
544 0 0 4
1 1 0 4
676 0 0 4
1 1 0 4
2837 0 0 4
1 1 1 4
14 0 0 4
1 1 3 4
922 0 0 4
1 1 3 4
49 0 0 4
1 1 1 4
1217 0 0 4
1 1 3 4
558 0 0 4
1 1 3 4
3113 0 0 4
1 1 3 4
951 0 0 4
1 1 3 4
479 0 0 4
1 1 1 4
1887 0 0 4
1 2 3 4
1469 0 0 4
1 0 1 4
52 0 0 4
1 1 0 4
16 0 0 4
1 0 1 4
585 0 0 4
1 2 3 4
2647 0 0 4
1 0 2 4
543 0 0 4
1 2 2 4
103 0 0 4
1 2 0 4
834 0 0 4
1 0 1 4
732 0 0 4
1 0 2 4
2361 0 0 4
1 0 3 4
1374 0 0 4
1 2 0 4
998 0 0 4
1 2 3 4
515 0 0 4
1 2 3 4
167 0 0 4
1 0 1 4
1552 0 0 4
1 0 2 4
1064 0 0 4
1 0 2 4
2324 0 0 4
1 1 0 4
649 0 0 4
1 0 1 4
1805 0 0 4
1 2 1 4
1880 0 0 4
1 0 1 4
253 0 0 4
1 0 2 4
1998 0 0 4
1 1 4 4
1853 0 0 4
1 1 4 4
3503 0 0 4
1 1 0 4
129 0 0 4
1 1 4 4
1024 0 0 4
1 1 4 4
102 0 0 4
1 0 1 4
1422 0 0 4
1 1 0 4
152 0 0 4
1 1 4 4
496 0 0 4
1 0 1 4
3052 0 0 4
1 0 1 4
2795 0 0 4
1 0 1 4
10120 0 0 4
1 2 3 4
803 0 0 4
1 2 3 4
150 0 0 4
1 2 1 4
251 0 0 4
1 2 3 4
703 0 0 4
1 0 1 4
111 0 0 4
1 0 1 4
317 0 0 4
1 2 3 4
1172 0 0 4
1 0 1 4
72 0 0 4
1 0 1 4
329 0 0 4
1 2 3 4
1266 0 0 4
1 0 1 4
323 0 0 4
1 0 1 4
5692 0 0 4
1 1 2 4
16 0 0 4
1 0 1 4
402 0 0 4
1 0 1 4
1883 0 0 4
1 1 1 4
3633 0 0 4
1 0 1 4
1077 0 0 4
1 0 1 4
626 0 0 4
1 0 2 4
345 0 0 4
1 2 2 4
424 0 0 4
1 0 1 4
3331 0 0 4
1 0 1 4
587 0 0 4
1 1 0 4
957 0 0 4
1 0 1 4
3825 0 0 4
1 0 2 4
897 0 0 4
1 0 1 4
969 0 0 4
1 0 1 4
1253 0 0 4
1 0 1 4
629 0 0 4
1 0 1 4
1551 0 0 4
1 2 2 4
2360 0 0 4
1 2 2 4
144 0 0 4
1 0 2 4
586 0 0 4
1 2 3 4
2469 0 0 4
1 1 0 4
271 0 0 4
1 0 1 4
771 0 0 4
1 2 3 4
714 0 0 4
1 0 1 4
580 0 0 4
1 1 2 4
497 0 0 4
1 0 1 4
17 0 0 4
1 0 1 4
673 0 0 4
1 1 0 4
208 0 0 4
1 0 1 4
75 0 0 4
1 0 1 4
513 0 0 4
1 0 1 4
201 0 0 4
1 0 1 4
63 0 0 4
1 0 1 4
169 0 0 4
1 2 3 4
1272 0 0 4
1 1 1 4
236 0 0 4
1 1 1 4
975 0 0 4
1 1 3 4
931 0 0 4
1 2 3 4
585 0 0 4
1 0 1 4
1509 0 0 4
1 1 0 4
3407 0 0 4
1 0 1 4
3518 0 0 4
1 0 1 4
172 0 0 4
1 0 1 4
1681 0 0 4
1 0 1 4
1206 0 0 4
1 1 0 4
935 0 0 4
1 0 2 4
554 0 0 4
1 0 1 4
656 0 0 4
1 1 0 4
1679 0 0 4
1 2 2 4
6917 0 0 4
1 2 2 4
1054 0 0 4
1 2 2 4
185 0 0 4
1 0 1 4
952 0 0 4
1 2 2 4
949 0 0 4
1 0 1 4
175 0 0 4
1 1 0 4
1163 0 0 4
1 0 1 4
1816 0 0 4
1 0 1 4
1145 0 0 4
1 0 1 4
1175 0 0 4
1 0 1 4
433 0 0 4
1 1 0 4
1849 0 0 4
1 1 0 4
256 0 0 4
1 1 3 4
697 0 0 4
1 1 4 4
627 0 0 4
1 1 4 4
468 0 0 4
1 1 0 4
104 0 0 4
1 1 0 4
1215 0 0 4
1 0 1 4
1570 0 0 4
1 1 2 4
19 0 0 4
1 0 1 4
1333 0 0 4
1 0 1 4
771 0 0 4
1 1 0 4
1250 0 0 4
1 1 2 4
1590 0 0 4
1 1 2 4
506 0 0 4
1 1 1 4
1166 0 0 4
1 1 2 4
205 0 0 4
1 0 1 4
1172 0 0 4
1 1 2 4
738 0 0 4
1 0 1 4
22 0 0 4
1 1 0 4
528 0 0 4
1 0 2 4
690 0 0 4
1 0 1 4
17 0 0 4
1 0 2 4
299 0 0 4
1 2 0 4
1082 0 0 4
1 0 2 4
3031 0 0 4
1 2 2 4
153 0 0 4
1 0 1 4
1106 0 0 4
1 0 2 4
246 0 0 4
1 0 2 4
627 0 0 4
1 1 2 4
343 0 0 4
1 1 2 4
292 0 0 4
1 1 0 4
383 0 0 4
1 0 2 4
4044 0 0 4
1 1 1 4
572 0 0 4
1 1 0 4
84 0 0 4
1 0 1 4
135 0 0 4
1 1 0 4
621 0 0 4
1 0 1 4
629 0 0 4
1 1 0 4
936 0 0 4
1 1 1 4
360 0 0 4
1 0 3 4
4058 0 0 4
1 1 4 4
38 0 0 4
1 1 0 4
210 0 0 4
1 1 0 4
709 0 0 4
1 1 4 4
629 0 0 4
1 1 0 4
632 0 0 4
1 1 0 4
122 0 0 4
1 1 0 4
118 0 0 4
1 1 0 4
4 0 0 4
1 1 0 4
11 0 0 4
1 1 4 4
1130 0 0 4
1 0 2 4
726 0 0 4
1 0 2 4
980 0 0 4
1 1 0 4
3704 0 0 4
1 0 1 4
1311 0 0 4
1 1 0 4
642 0 0 4
1 1 0 4
1324 0 0 4
1 0 1 4
453 0 0 4
1 1 0 4
1252 0 0 4
1 1 0 4
139 0 0 4
1 1 4 4
2272 0 0 4
1 1 0 4
313 0 0 4
1 0 1 4
412 0 0 4
1 1 0 4
1753 0 0 4
1 1 1 4
371 0 0 4
1 0 2 4
2995 0 0 4
1 1 0 4
805 0 0 4
1 1 0 4
1932 0 0 4
1 1 1 4
3997 0 0 4
1 1 3 4
910 0 0 4
1 1 1 4
414 0 0 4
1 2 3 4
536 0 0 4
1 2 0 4
2100 0 0 4
1 0 1 4
640 0 0 4
1 0 1 4
357 0 0 4
1 0 1 4
222 0 0 4
1 2 3 4
349 0 0 4
1 0 1 4
3095 0 0 4
1 0 1 4
2075 0 0 4
1 0 1 4
624 0 0 4
1 2 3 4
440 0 0 4
1 0 1 4
35 0 0 4
1 2 3 4
440 0 0 4
1 0 1 4
218 0 0 4
1 2 3 4
364 0 0 4
1 0 2 4
506 0 0 4
1 0 1 4
2417 0 0 4
1 0 2 4
1337 0 0 4
1 2 3 4
665 0 0 4
1 0 1 4
3589 0 0 4
1 0 1 4
1021 0 0 4
1 0 1 4
435 0 0 4
1 1 0 4
5169 0 0 4
1 2 2 4
1515 0 0 4
1 1 0 4
23 0 0 4
1 0 1 4
101 0 0 4
1 0 1 4
716 0 0 4
1 0 1 4
2103 0 0 4
1 0 1 4
3338 0 0 4
1 2 3 4
3503 0 0 4
1 0 1 4
586 0 0 4
1 2 2 4
1613 0 0 4
1 0 1 4
1045 0 0 4
1 0 2 4
502 0 0 4
1 2 1 4
226 0 0 4
1 1 0 4
1120 0 0 4
1 0 2 4
1116 0 0 4
1 0 1 4
575 0 0 4
1 0 2 4
1269 0 0 4
1 2 3 4
2348 0 0 4
1 0 1 4
3927 0 0 4
1 2 0 4
896 0 0 4
1 2 1 4
265 0 0 4
1 2 0 4
124 0 0 4
1 2 0 4
504 0 0 4
1 2 1 4
893 0 0 4
1 2 0 4
448 0 0 4
1 0 3 4
895 0 0 4
1 2 0 4
3998 0 0 4
1 1 0 4
946 0 0 4
1 1 0 4
373 0 0 4
1 2 0 4
577 0 0 4
1 1 1 4
48 0 0 4
1 1 1 4
657 0 0 4
1 2 3 4
760 0 0 4
1 2 3 4
1141 0 0 4
1 0 1 4
696 0 0 4
1 0 2 4
1013 0 0 4
1 0 1 4
1049 0 0 4
1 0 1 4
134 0 0 4
1 0 2 4
1008 0 0 4
1 0 1 4
1323 0 0 4
1 2 3 4
116 0 0 4
1 2 3 4
98 0 0 4
1 0 1 4
76 0 0 4
1 0 1 4
414 0 0 4
1 0 1 4
205 0 0 4
1 0 2 4
232 0 0 4
1 0 1 4
131 0 0 4
1 2 3 4
845 0 0 4
1 2 3 4
215 0 0 4
1 1 0 4
1522 0 0 4
1 0 2 4
382 0 0 4
1 1 2 4
721 0 0 4
1 1 2 4
733 0 0 4
1 1 2 4
1682 0 0 4
1 1 0 4
1519 0 0 4
1 1 2 4
1605 0 0 4
1 1 2 4
683 0 0 4
1 1 0 4
550 0 0 4
1 1 2 4
688 0 0 4
1 1 2 4
920 0 0 4
1 0 2 4
1084 0 0 4
1 1 0 4
908 0 0 4
1 1 3 4
2484 0 0 4
1 1 3 4
914 0 0 4
1 1 3 4
651 0 0 4
1 0 1 4
5 0 0 4
1 1 3 4
1195 0 0 4
1 0 1 4
2129 0 0 4
1 1 3 4
1678 0 0 4
1 0 2 4
481 0 0 4
1 1 1 4
97 0 0 4
1 1 3 4
186 0 0 4
1 1 3 4
690 0 0 4
1 1 1 4
413 0 0 4
1 1 1 4
160 0 0 4
1 1 3 4
824 0 0 4
1 0 1 4
140 0 0 4
1 1 1 4
73 0 0 4
1 1 3 4
1029 0 0 4
1 1 1 4
79 0 0 4
1 1 3 4
2115 0 0 4
1 1 1 4
3309 0 0 4
1 1 1 4
1337 0 0 4
1 1 1 4
2522 0 0 4
1 2 2 4
371 0 0 4
1 0 1 4
773 0 0 4
1 2 2 4
656 0 0 4
1 1 1 4
74 0 0 4
1 0 1 4
2477 0 0 4
1 1 0 4
1398 0 0 4
1 1 3 4
254 0 0 4
1 0 1 4
1090 0 0 4
1 2 3 4
1312 0 0 4
1 1 2 4
139 0 0 4
1 0 1 4
4175 0 0 4
1 1 2 4
24 0 0 4
1 1 2 4
2315 0 0 4
1 1 0 4
768 0 0 4
1 0 1 4
1830 0 0 4
1 1 0 4
2189 0 0 4
1 0 1 4
261 0 0 4
1 1 1 4
631 0 0 4
1 0 1 4
651 0 0 4
1 0 1 4
1092 0 0 4
1 0 1 4
2639 0 0 4
1 0 1 4
797 0 0 4
1 0 1 4
2345 0 0 4
1 0 1 4
2260 0 0 4
1 1 0 4
250 0 0 4
1 1 1 4
354 0 0 4
1 0 1 4
987 0 0 4
1 1 1 4
727 0 0 4
1 1 1 4
1988 0 0 4
1 1 2 4
263 0 0 4
1 1 0 4
97 0 0 4
1 1 2 4
769 0 0 4
1 1 0 4
1398 0 0 4
1 0 1 4
74 0 0 4
1 0 1 4
36 0 0 4
1 0 1 4
768 0 0 4
1 1 1 4
428 0 0 4
1 0 1 4
173 0 0 4
1 0 1 4
143 0 0 4
1 0 1 4
475 0 0 4
1 2 3 4
491 0 0 4
1 1 0 4
179 0 0 4
1 0 1 4
503 0 0 4
1 0 1 4
1295 0 0 4
1 0 1 4
516 0 0 4
1 1 1 4
773 0 0 4
1 1 4 4
88 0 0 4
1 1 1 4
577 0 0 4
1 1 4 4
380 0 0 4
1 2 1 4
129 0 0 4
1 2 1 4
1533 0 0 4
1 0 2 4
823 0 0 4
1 0 1 4
1315 0 0 4
1 1 4 4
103 0 0 4
1 0 1 4
51 0 0 4
1 1 0 4
518 0 0 4
1 0 1 4
67 0 0 4
1 1 0 4
393 0 0 4
1 0 1 4
566 0 0 4
1 1 1 4
906 0 0 4
1 1 3 4
60 0 0 4
1 1 1 4
926 0 0 4
1 1 3 4
844 0 0 4
1 1 0 4
844 0 0 4
1 0 1 4
1133 0 0 4
1 0 1 4
74 0 0 4
1 0 1 4
2018 0 0 4
1 1 0 4
76 0 0 4
1 1 2 4
1959 0 0 4
1 1 2 4
465 0 0 4
1 1 2 4
361 0 0 4
1 1 1 4
1831 0 0 4
1 0 1 4
939 0 0 4
1 1 3 4
909 0 0 4
1 0 1 4
2161 0 0 4
1 1 0 4
177 0 0 4
1 0 1 4
347 0 0 4
1 1 4 4
1206 0 0 4
1 0 1 4
107 0 0 4
1 0 1 4
984 0 0 4
1 2 3 4
1667 0 0 4
1 0 1 4
37 0 0 4
1 0 1 4
130 0 0 4
1 2 3 4
237 0 0 4
1 2 3 4
17 0 0 4
1 1 1 4
119 0 0 4
1 1 0 4
170 0 0 4
1 2 3 4
1051 0 0 4
1 0 1 4
196 0 0 4
1 1 1 4
1266 0 0 4
1 0 1 4
1501 0 0 4
1 1 0 4
77 0 0 4
1 2 3 4
1662 0 0 4
1 0 1 4
856 0 0 4
1 0 1 4
49 0 0 4
1 0 1 4
740 0 0 4
1 1 0 4
827 0 0 4
1 1 0 4
565 0 0 4
1 1 4 4
1786 0 0 4
1 0 2 4
4047 0 0 4
1 0 1 4
716 0 0 4
1 2 2 4
318 0 0 4
1 1 0 4
4874 0 0 4
1 2 2 4
1099 0 0 4
1 2 2 4
250 0 0 4
1 2 2 4
1680 0 0 4
1 0 1 4
2880 0 0 4
1 1 1 4
1622 0 0 4
1 1 1 4
737 0 0 4
1 0 3 4
3086 0 0 4
1 0 1 4
4065 0 0 4
1 0 2 4
297 0 0 4
1 2 2 4
368 0 0 4
1 2 2 4
146 0 0 4
1 0 2 4
351 0 0 4
1 0 2 4
234 0 0 4
1 2 2 4
322 0 0 4
1 0 2 4
58 0 0 4
1 2 2 4
608 0 0 4
1 2 2 4
1908 0 0 4
1 1 2 4
1109 0 0 4
1 2 2 4
524 0 0 4
1 0 2 4
328 0 0 4
1 0 2 4
12 0 0 4
1 0 2 4
415 0 0 4
1 1 0 4
157 0 0 4
1 2 2 4
256 0 0 4
1 0 3 4
29 0 0 4
1 0 2 4
29 0 0 4
1 0 2 4
90 0 0 4
1 2 1 4
82 0 0 4
1 0 1 4
257 0 0 4
1 0 2 4
769 0 0 4
1 0 2 4
19 0 0 4
1 0 1 4
155 0 0 4
1 0 2 4
657 0 0 4
1 2 1 4
11 0 0 4
1 2 2 4
510 0 0 4
1 0 2 4
202 0 0 4
1 1 0 4
26 0 0 4
1 0 1 4
232 0 0 4
1 2 3 4
816 0 0 4
1 0 1 4
1 0 0 4
1 2 3 4
190 0 0 4
1 2 3 4
78 0 0 4
1 2 3 4
297 0 0 4
1 2 3 4
765 0 0 4
1 0 1 4
159 0 0 4
1 1 2 4
177 0 0 4
1 1 2 4
357 0 0 4
1 1 2 4
700 0 0 4
1 1 2 4
478 0 0 4
1 1 4 4
823 0 0 4
1 0 2 4
137 0 0 4
1 0 1 4
74 0 0 4
1 0 1 4
319 0 0 4
1 0 2 4
142 0 0 4
1 1 2 4
36 0 0 4
1 1 2 4
94 0 0 4
1 0 1 4
375 0 0 4
1 1 0 4
453 0 0 4
1 1 2 4
901 0 0 4
1 1 2 4
784 0 0 4
1 0 1 4
16 0 0 4
1 0 1 4
387 0 0 4
1 1 1 4
1070 0 0 4
1 1 0 4
882 0 0 4
1 0 3 4
98 0 0 4
1 1 4 4
65 0 0 4
1 1 4 4
160 0 0 4
1 1 4 4
152 0 0 4
1 1 0 4
818 0 0 4
1 0 2 4
60 0 0 4
1 1 1 4
549 0 0 4
1 1 0 4
1255 0 0 4
1 1 0 4
286 0 0 4
1 1 4 4
114 0 0 4
1 1 4 4
196 0 0 4
1 1 4 4
87 0 0 4
1 1 4 4
37 0 0 4
1 1 0 4
175 0 0 4
1 1 0 4
278 0 0 4
1 1 4 4
549 0 0 4
1 0 3 4
208 0 0 4
1 1 4 4
326 0 0 4
1 1 0 4
122 0 0 4
1 1 0 4
327 0 0 4
1 1 1 4
2440 0 0 4
1 1 0 4
673 0 0 4
1 0 3 4
746 0 0 4
1 1 1 4
319 0 0 4
1 1 0 4
3181 0 0 4
1 1 1 4
600 0 0 4
1 1 1 4
2809 0 0 4
1 0 1 4
157 0 0 4
1 0 2 4
36 0 0 4
1 2 2 4
384 0 0 4
1 0 1 4
16 0 0 4
1 0 2 4
622 0 0 4
1 0 2 4
789 0 0 4
1 0 1 4
994 0 0 4
1 0 1 4
28 0 0 4
1 2 2 4
1219 0 0 4
1 0 1 4
411 0 0 4
1 2 2 4
581 0 0 4
1 2 2 4
121 0 0 4
1 2 2 4
47 0 0 4
1 0 2 4
348 0 0 4
1 0 1 4
44 0 0 4
1 0 2 4
1648 0 0 4
1 0 1 4
364 0 0 4
1 0 1 4
1633 0 0 4
1 2 3 4
215 0 0 4
1 2 3 4
2160 0 0 4
1 1 1 4
1867 0 0 4
1 0 1 4
413 0 0 4
1 0 1 4
409 0 0 4
1 0 1 4
1093 0 0 4
1 2 2 4
1762 0 0 4
1 2 3 4
2622 0 0 4
1 0 1 4
2048 0 0 4
1 1 0 4
6745 0 0 4
1 2 3 4
2734 0 0 4
1 0 1 4
217 0 0 4
1 2 3 4
342 0 0 4
1 1 0 4
5317 0 0 4
1 1 2 4
379 0 0 4
1 1 1 4
6491 0 0 4
1 0 1 4
934 0 0 4
1 1 1 4
2122 0 0 4
1 2 3 4
797 0 0 4
1 0 1 4
1108 0 0 4
1 0 1 4
634 0 0 4
1 0 1 4
257 0 0 4
1 2 3 4
1 0 0 4
1 0 1 4
1216 0 0 4
1 2 3 4
627 0 0 4
1 0 1 4
1204 0 0 4
1 2 3 4
496 0 0 4
1 2 3 4
1311 0 0 4
1 1 1 4
828 0 0 4
1 1 1 4
247 0 0 4
1 0 1 4
793 0 0 4
1 0 1 4
3533 0 0 4
1 2 3 4
693 0 0 4
1 0 1 4
581 0 0 4
1 0 1 4
167 0 0 4
1 1 1 4
3300 0 0 4
1 0 1 4
2025 0 0 4
1 0 1 4
180 0 0 4
1 0 1 4
3355 0 0 4
1 0 1 4
146 0 0 4
1 0 1 4
2518 0 0 4
1 0 1 4
815 0 0 4
1 2 3 4
2069 0 0 4
1 1 1 4
1529 0 0 4
1 0 1 4
323 0 0 4
1 0 1 4
2437 0 0 4
1 0 1 4
784 0 0 4
1 2 3 4
4788 0 0 4
1 2 2 4
6344 0 0 4
1 0 1 4
814 0 0 4
1 2 3 4
2668 0 0 4
1 0 1 4
3696 0 0 4
1 2 3 4
546 0 0 4
1 2 3 4
426 0 0 4
1 1 1 4
2563 0 0 4
1 2 1 4
1317 0 0 4
1 2 1 4
3845 0 0 4
1 2 3 4
1519 0 0 4
1 2 3 4
4833 0 0 4
1 0 1 4
7878 0 0 4
1 0 1 4
426 0 0 4
1 2 3 4
294 0 0 4
1 2 1 4
1489 0 0 4
1 2 3 4
72 0 0 4
1 0 1 4
1537 0 0 4
1 2 3 4
229 0 0 4
1 0 2 4
1739 0 0 4
1 0 1 4
1435 0 0 4
1 0 1 4
996 0 0 4
1 0 1 4
112 0 0 4
1 2 1 4
540 0 0 4
1 0 2 4
2733 0 0 4
1 2 2 4
2918 0 0 4
1 0 1 4
1341 0 0 4
1 2 3 4
731 0 0 4
1 0 1 4
224 0 0 4
1 2 1 4
918 0 0 4
1 0 1 4
99 0 0 4
1 0 1 4
272 0 0 4
1 0 2 4
1540 0 0 4
1 0 1 4
1249 0 0 4
1 0 1 4
1088 0 0 4
1 2 3 4
4826 0 0 4
1 1 0 4
720 0 0 4
1 2 3 4
449 0 0 4
1 0 1 4
536 0 0 4
1 2 3 4
1755 0 0 4
1 0 1 4
813 0 0 4
1 2 3 4
647 0 0 4
1 0 1 4
204 0 0 4
1 0 1 4
315 0 0 4
1 2 3 4
113 0 0 4
1 1 2 4
2169 0 0 4
1 0 1 4
216 0 0 4
1 2 3 4
269 0 0 4
1 1 1 4
170 0 0 4
1 1 2 4
323 0 0 4
1 1 1 4
897 0 0 4
1 1 0 4
929 0 0 4
1 0 1 4
74 0 0 4
1 0 1 4
1146 0 0 4
1 1 2 4
3676 0 0 4
1 2 3 4
614 0 0 4
1 0 1 4
472 0 0 4
1 0 1 4
608 0 0 4
1 1 1 4
2523 0 0 4
1 1 1 4
411 0 0 4
1 1 1 4
229 0 0 4
1 0 1 4
1307 0 0 4
1 0 1 4
12 0 0 4
1 0 1 4
2778 0 0 4
1 2 3 4
200 0 0 4
1 2 3 4
526 0 0 4
1 0 1 4
132 0 0 4
1 1 3 4
1317 0 0 4
1 0 1 4
621 0 0 4
1 1 1 4
1545 0 0 4
1 1 1 4
320 0 0 4
1 0 1 4
142 0 0 4
1 2 3 4
756 0 0 4
1 2 2 4
618 0 0 4
1 0 1 4
4883 0 0 4
1 0 1 4
554 0 0 4
1 1 1 4
965 0 0 4
1 0 1 4
761 0 0 4
1 0 1 4
6727 0 0 4
1 1 3 4
3376 0 0 4
1 1 3 4
966 0 0 4
1 0 1 4
1263 0 0 4
1 1 1 4
291 0 0 4
1 0 1 4
1531 0 0 4
1 1 1 4
9075 0 0 4
1 2 1 4
1012 0 0 4
1 0 2 4
1628 0 0 4
1 0 1 4
149 0 0 4
1 0 1 4
411 0 0 4
1 0 2 4
490 0 0 4
